v_m_ex1	v_o_ex1	v_j_ex1	m_v_ex1	m_o_ex1	m_j_ex1	o_v_ex1	o_m_ex1	o_j_ex1	j_v_ex1	j_m_ex1	j_o_ex1	v_m_ex2	v_o_ex2	v_j_ex2	m_v_ex2	m_o_ex2	m_j_ex2	o_v_ex2	o_m_ex2	o_j_ex2	j_v_ex2	j_m_ex2	j_o_ex2
1.55100	
0.40412	1.70650	
0.36467	0.28919	1.49740	
-0.30593	0.35580	0.24538	2.21200	
0.16902	0.66221	-0.02204	0.34747	1.84340	
0.26953	-0.06780	0.72892	0.35039	0.08473	1.81910	
-0.12956	0.10803	0.18724	0.62032	-0.01657	0.12199	1.42550
0.18598	-0.02914	0.20994	0.10602	0.25032	0.39744	0.44867	1.21910
0.10602	-0.08774	0.51902	0.33028	0.01740	0.69246	0.48670	0.65902	1.53250
-0.06944	0.00070	0.03494	0.33573	-0.01300	0.08556	0.43543	0.02549	0.20860	1.32950
0.09461	-0.02589	0.15321	0.13288	0.06669	0.17043	0.07931	0.13419	0.29731	0.66991	1.18720
0.09588	0.20988	0.05518	0.26299	0.27920	0.17693	0.12885	0.10196	0.16391	0.49291	0.61269	1.41540	
1.07510	0.46481	0.33070	-0.15464	0.22640	0.17512	0.01347	0.11332	0.13778	-0.00810	0.14627	0.17781	1.24120
0.28075	1.09270	0.19397	0.35241	0.58594	-0.15421	0.16611	-0.00883	-0.04120	0.05340	-0.00288	0.19536	0.39241	1.24030
0.31370	0.19539	1.05520	0.12497	0.04304	0.64017	0.09785	0.18511	0.35999	0.02134	0.07956	0.09633	0.29462	0.22802	1.19860
-0.15286	0.12255	0.25523	1.39230	0.16844	0.32361	0.55867	0.17157	0.25864	0.22826	0.01897	0.16088	0.14514	0.10408	0.17239	1.52990
0.04444	0.53388	-0.11140	0.40014	1.21430	0.11281	0.05620	0.20840	0.01101	0.07668	0.00655	0.25411	0.16032	0.48227	-0.01895	0.20201	1.30860
0.18128	-0.02216	0.63999	0.41726	0.08957	1.23020	0.17245	0.30757	0.61715	0.16919	0.17066	0.20293	0.09497	-0.03059	0.62021	0.34747	0.13078	1.33760	
0.03023	0.09169	0.11966	0.41208	0.04539	0.08888	0.73710	0.38486	0.27722	0.31015	0.10365	0.10349	0.01240	0.09025	0.05466	0.37926	0.07823	0.16342	0.88485
0.21119	0.01587	0.15498	0.08647	0.13560	0.23930	0.28234	0.66358	0.39082	0.01997	0.11210	0.12417	0.16377	0.05932	0.09749	0.01558	0.14663	0.18862	0.41231	0.82655
0.22763	-0.05169	0.49083	0.25740	0.02725	0.53864	0.33075	0.61624	1.02210	0.11512	0.19079	0.05089	0.13465	0.00874	0.36543	0.24233	0.04178	0.52250	0.35328	0.45507	1.27380
-0.06246	0.05778	0.07072	0.26280	-0.04266	0.12653	0.29510	0.08567	0.15838	0.65978	0.41911	0.40483	0.02971	0.05841	0.07803	0.17873	0.04497	0.15134	0.25775	0.12731	0.07410	0.95009
0.05534	0.01039	0.11184	0.06073	-0.06709	0.09798	0.00749	0.09055	0.17716	0.34876	0.49259	0.40894	0.05167	-0.03074	0.10603	-0.00036	-0.06141	0.08897	0.03745	0.10247	0.09324	0.45083	0.76613
0.07408	0.22375	0.06493	0.15263	0.23135	0.12073	0.03943	0.02805	0.06227	0.37265	0.37985	0.78446	0.14498	0.21179	0.09620	0.03856	0.20122	0.08955	0.00666	0.11239	-0.04297	0.42347	0.40244	1.05260