"MF" "FM" "MT" "TM" "MS" "SM" "FT" "TF" "FS" "SF" "TS" "ST" "group"
"1" 2.38084001300123 2.84128533402872 2.66201386115331 1.10696415913329 2.19211613218512 2.28340563863614 0.0888352698313715 -0.0331986389137405 2.97061751746938 2.17129461740825 2.45025540097368 2.14989721644502 1
"2" 1.59116451834738 0.853495495340368 1.49761848626232 1.89938500510802 1.34679376908887 1.83554403926165 1.44564828218327 2.49868820428701 2.23580797708758 2.803241368015 3.25143551804625 2.46216435536321 1
"3" 1.54863579881669 1.03442648492219 2.28515569193666 1.19800818778016 1.50258816661279 0.745630618490303 2.68361834795929 1.15004344216646 2.3007481550993 1.50744956354268 1.54185866887361 2.15215451972816 1
"4" 1.50899481912419 1.0839634703862 2.62913649869208 2.42076480837498 0.929262339204765 1.20235839717714 1.28669307065735 2.24385675828499 0.313984768377138 -0.0962216265968519 0.817987664744353 1.76130186700868 1
"5" 1.65006376328167 2.14775984960266 2.20317981957644 1.56364993385325 1.88378068203359 0.984686691793005 2.34102263913918 1.33824507329521 2.12147843041627 2.56035864286264 2.6007622292247 1.94735649036295 1
"6" 2.43212584970499 1.56160772611275 0.220266716833159 1.74313547119336 2.04882973910166 1.46934191848718 -0.104849195498461 1.61998009808451 1.51052135656197 2.4685234824675 3.8521071137315 1.0404960534098 1
"7" 2.86102901069281 2.57637973631739 2.7639813885678 3.46386912197343 2.10431903745162 3.07163603250266 2.04120632385268 2.68802250812246 2.14741277649027 2.07683325829912 2.40560126161866 2.30113194967939 1
"8" 1.16844046840468 1.46731829922967 1.62825007460085 2.70993462395557 2.15847737663477 2.14927855678092 1.57581910225556 0.697290499983426 0.430298969352868 -0.703263602468681 2.56293389758691 2.39672930623217 1
"9" 2.10929842717533 2.06109680273003 0.997704275332142 1.45818236701769 2.44650180038131 0.75146947027282 1.041112372202 2.00189688979716 2.02072644230222 2.47783801581493 1.37914471923957 3.57821606325751 1
"10" 2.67193507264376 2.88309366744749 1.77394694381423 1.56828486805915 0.952976870850731 2.17209230940535 2.00060864203733 2.43664866561118 3.7305445885037 2.60691902292902 3.21446529460246 2.22845542522166 1
"11" 1.26076843496816 1.28153360152089 1.08710348389808 1.83761520059184 -0.349366201288838 1.40555173845363 1.7281917042315 0.971282797135383 1.59763660878174 2.415123509947 0.451922151746478 2.4644495411224 1
"12" 0.830865096461009 2.42843622536587 2.37704192072052 0.746781252364656 3.27364411595283 2.37446596587131 1.65080283755832 1.18618309529134 1.98431592902416 1.6851322746005 3.63286015620523 3.6365747747403 1
"13" 1.44991328488301 1.46378056519428 2.5155648735526 1.54578263275835 1.98804039353406 1.22397555137989 1.52928728346328 2.20108987704132 1.43365386781747 1.94788485490055 2.587489330137 0.828455630655098 1
"14" 1.3536761047814 0.913912495508091 2.61355280186807 1.64050604239117 1.21373343540937 2.13697430889396 1.09997000995638 2.18714856944516 1.16476207971101 2.87396838741414 2.80343937233014 2.7353272908113 1
"15" 0.483976183520419 1.11612511201246 3.48093830757754 2.29619441874656 0.556323674490357 1.70722308253508 2.90642341499785 1.78785413255615 1.32430462273637 0.651243306800624 3.36868684952274 3.41018847199255 1
"16" 1.06029557996127 0.799489229980644 1.13185338819512 1.4976844066242 2.19598382421335 1.86276314449188 1.63577267360934 1.55732925395941 2.16615302939683 2.15009425566878 2.89746564784796 2.15514542693345 1
"17" 0.186802633932107 1.01188431125104 1.68692649965095 1.81000928952153 0.345657677161045 0.314057887661982 1.57925943491911 1.61992485260064 1.17773698236011 -0.33141330860022 1.7577298928111 2.43086164397642 1
"18" 1.25561380252875 2.15058033165583 1.22050696630548 1.55617375662575 1.69384403900378 0.0641915870211665 2.19995975257142 2.52629186669173 1.17224119676585 0.779118817003297 4.90133564696912 3.4706151262383 1
"19" 2.24162166354364 1.42795618449827 1.44849585187887 1.25438824665153 2.09133498802633 1.29486965885413 1.42907465394891 1.28326710320766 3.03314285655175 3.30053173575654 1.39919022167451 3.66969279189854 1
"20" 2.26048765870405 1.81986637263169 2.79829852246299 0.854824903534304 0.29311565679658 0.866672350730465 0.983605583171723 1.1798522719198 2.06329580996826 1.76482173515956 1.26655982062574 0.132183992198915 1
"21" 2.08931562185629 1.43879929439302 2.10325395767796 2.47941753969813 1.86865090214209 1.35415672037647 1.5654872516293 2.03129511938963 1.68662229094911 1.37457466985928 1.48096102066861 2.10563583322879 1
"22" 1.30334603917645 1.85599360649233 1.59042272072788 3.33786273872961 2.61092082054763 2.18991134056447 1.40621054623525 2.68430799130928 1.06151958681258 0.160791065900112 4.04786488424923 3.33950616763115 1
"23" 0.72021701741575 1.37643075818186 0.856617571705944 1.77780162597695 1.83263883169955 0.780609094473319 0.0769724507535117 1.25022037730453 0.848731357019895 0.387105562572984 1.71791196216339 1.50626434384319 1
"24" 1.17657247288252 1.38870788264655 2.3472428910365 2.72280365686558 1.16479256311602 1.26616729272045 1.74432894180674 1.69445727933409 0.905360527513487 1.79045791241625 3.91044532974498 3.96317889047538 1
"25" 0.856995648324052 0.780129749559354 1.2436649572967 2.21808378141385 2.01285342156271 0.741984807566549 1.88331285380315 1.8348386198542 1.42096586350192 1.39818509873695 3.22173199633658 2.10972281818013 1
"26" 3.03405256565918 2.01458379392139 1.50086140552142 1.86559432305632 3.34627516594611 2.31217387362445 2.83328785736607 1.96169252388161 2.63283325599936 1.86463404765821 2.36003574179645 3.14094652882429 1
"27" 1.50260499760343 0.565911633766083 2.64481736781095 0.993537302301603 1.94108412228501 2.05395176255531 2.78396537251144 2.04341431313468 2.15651521811687 1.56250364607505 1.35495960021487 3.34087144072534 1
"28" 1.2836602759883 2.42161541562331 1.00600543898764 2.30212779696267 2.46553417484504 1.24038907817132 0.514498512801571 1.6835903503629 1.59645508203339 0.795118598569622 1.01299878716798 -0.401886241803368 1
"29" 0.645885869372253 0.664170842013673 2.13830760243561 0.494224704208666 2.07200104200835 0.591667869363078 1.83180401816904 1.4917094131901 1.19594868040982 0.670253771728414 1.75077793725956 2.18137252742798 1
"30" 1.97266109131009 1.74254408977683 1.92699525313468 1.77482931454304 1.46793122965482 0.269939884236476 1.73177155426102 1.68407281923694 2.3891673489685 2.24583284117946 3.42954964448777 2.98227838008525 1
"31" 0.467990783061991 2.04625141770275 1.94128214802962 1.55431584525112 3.04356871576887 2.73369045865201 1.24809997308571 1.21847506593466 1.89825250768402 2.56971536747248 3.30076737897614 2.35805720004337 1
"32" 2.03848746995202 1.43894417575136 2.12014302718756 2.60401612870385 0.339326612271779 0.778181669784337 2.35336678427853 2.27810909345463 1.35711794148689 0.797801325570211 1.8235344725179 2.52437590659658 1
"33" 3.07728137752801 2.24647023177359 0.557338826340284 3.36549146096618 2.05015386938872 2.09375802219229 2.06998608601176 2.65185095671045 2.15943181983348 2.21380451419301 3.07871147698518 2.39236943549996 1
"34" 1.57883855133786 1.6860216348166 1.81812183309127 1.81244441131712 2.33637076336354 2.88420126961106 1.22469856831322 1.73979324410365 1.07683145112468 1.39938694712245 3.10516322141764 3.9602545401774 1
"35" 1.46581854580879 0.937038256273215 2.49493733009399 1.84456747575899 2.18497014459142 1.25102441975951 2.50558540173535 1.9833401786053 1.43888352352909 0.588818826744162 2.62292919031753 0.055679092348501 1
"36" 2.42376183157592 2.54840101265561 0.765205263456735 2.64204538564045 2.70562843848917 1.7744934932316 0.811522796277494 1.36921815266392 1.02870827354396 0.82095711254274 3.03428802799858 2.62899796592595 1
"37" 2.1894532312611 1.34283369789875 1.738827978755 0.816142258432465 0.200186286991425 0.999677245064829 2.76659816307905 3.10704005373628 1.99575501333223 1.4609254045067 2.31674220760357 1.54916012568805 1
"38" 1.43836472289093 0.927361782814238 1.83695126096084 1.21944468520995 1.32165117119958 -0.085268311083831 1.67866568803319 2.61309771979687 1.58553665652345 0.640571526151986 0.574125535651687 2.33047487925186 1
"39" 2.13323760430429 2.15314689651989 0.969859030666999 1.64621103292536 1.80728188848088 2.42243462336612 2.57009298140614 3.23837972216813 1.6547985481645 2.25851841200661 1.63141691717995 2.1932555546109 1
"40" 2.79262777839909 2.49662224192812 1.54871758990054 2.04569276448071 3.19491579805065 2.64457017366272 2.02906657637031 2.82571866803155 1.81857053555566 2.74834889306898 2.40742005201359 3.44642308603909 1
"41" 1.49616269503376 1.15403137214594 2.01825477829033 1.44531446350976 1.63644155878314 1.83548539817078 1.22757601372888 2.61683343985922 1.70656478023807 1.09443582653803 4.02341525306058 3.14501549631589 1
"42" 1.85904775165697 1.52684425434277 1.23803961251713 2.28767928508 2.00888804287628 2.19486523189018 0.509835795678735 1.59680812781682 1.88079977623962 2.152356340989 2.54556326192239 3.29278181353222 1
"43" 0.751106734787808 1.03717701284745 1.52462599290683 1.83416439351675 1.8062542184889 1.33145873549199 1.34065960954914 3.48741368362702 2.25725995584025 1.08445048240248 2.76088935713784 2.97635793879904 1
"44" -0.187965235681125 -0.45363268486094 2.58436354288799 2.75863080357833 3.19932462354195 3.40983920003598 2.42739115573129 2.65307410546416 1.80087646063937 0.966727030206306 2.09959909051445 1.77702964776967 1
"45" 1.19051192804201 -0.89049580005944 1.25852042448848 1.79491482858417 1.74350417989688 1.94635480982347 2.15084731754073 1.80416651219433 1.70122932723021 -0.056479225509746 3.35163754872895 2.44316427302519 1
"46" 1.72126705993066 1.88265829539047 1.74745838209472 2.46944642968703 1.56831159690154 3.15710569730212 1.47422410250816 0.813858072126001 1.42514752280629 1.49367530809364 2.96369045307071 3.59346199879828 1
"47" 1.59447809726891 1.6107242827707 1.8721493567026 1.79776046808053 1.94833620657064 1.62257476077286 1.7551331030627 1.44884664933183 0.1414071000073 3.11971242190156 2.3983714041593 3.16804543648614 1
"48" 1.17755742505786 1.51522535440103 2.31100632331769 1.55151426125026 0.96619496965037 1.26710929856023 1.60759610151756 1.72829109672979 2.04057174433634 1.61177326885559 0.138768509561696 1.55297878437479 1
"49" 1.978405796164 1.46526615813 1.97174911936614 2.08468267033896 2.70123987217298 1.95017922875854 1.33932825769159 1.54590544967247 1.45286778134138 2.30009782251723 2.94355803904492 1.30293290481137 1
"50" 1.92461901124607 0.908028432732241 2.06172937858342 1.63279867563057 0.746617508789205 2.02070187207227 1.60860549185977 2.97796805201504 0.539791236512853 1.80931390059538 2.1184650592033 2.50942010158243 1
"51" 1.24365218022013 0.406684844164988 1.15500520284005 2.02893692366266 2.46736274943659 1.5736247855886 1.99350288898422 1.24017362488441 1.59675808866753 1.75031852690709 2.84183829943483 2.7085220682186 1
"52" 2.59748238208088 1.30509482842762 1.92419779026916 2.5803715496598 3.380758140094 1.78085335304362 2.35704599065845 1.88342883274227 2.13805206612569 1.13528546131835 0.809067174199533 1.8617313316471 1
"53" 1.50911289830741 0.575122827610824 2.07557297719783 0.794105168651861 0.989883418332275 2.58481778727583 2.85780490528157 1.97781982889001 1.56656458050313 2.24942774368785 2.43517434013902 3.75177559602716 1
"54" 1.56627591943113 1.3217225395461 1.49258518528385 1.44618761946146 0.63768364215122 2.93197783501498 0.959537526965984 1.55578531500707 1.61216205118932 1.45127788137955 1.06703551120797 1.93621022726732 1
"55" 2.30169749707466 2.1138749544165 1.58632770693085 2.34391826357403 1.52306800306888 2.45313374394067 1.2883835954618 1.81149620621261 1.67197698857315 1.23276206508746 3.77419517771211 3.34921560338496 1
"56" 1.16667946566633 0.635110003537233 1.77166482373284 0.889444622721161 2.09087638231557 0.49269194743393 1.53866755233778 0.706485016888018 1.66200639591941 1.97862724158865 2.00647348081844 2.19753986585139 1
"57" 3.18765438106858 2.31674294417504 1.58912109377451 1.20579622134472 2.67518691818127 2.44995360865092 2.26126730094826 3.53656996836092 1.64056555732071 1.73170144260989 3.70410316578995 2.53415570894084 1
"58" 2.43458672779022 0.853016139525894 2.51351266984619 3.35950943074176 1.56785290538526 2.88789645976087 2.20164778280986 2.33085830814156 1.67116135747073 0.928575676788606 3.24672362502085 3.82404448815854 1
"59" 1.08520635747916 2.33801632922129 2.06751608135862 1.89241593442842 1.45576692198503 1.15450210038679 1.31552212690117 -0.0203393447856031 1.77469121963262 1.79244204789282 3.95292684512092 2.63064028024012 1
"60" 3.14488731101279 1.48664949578938 1.08631866643492 1.56698759748482 0.949527739507997 0.212618095154116 1.76049461543057 0.79778203482304 2.10280206416187 1.72351151638272 2.30380717787263 3.78023622123179 1
"61" 0.31494437789132 1.76108068857635 1.29904064240412 3.11511643054419 1.73176248403483 1.52312057971973 1.1823228477828 2.34612874843442 1.85933951298861 1.92613191138978 1.919043736491 2.24497231443967 1
"62" 1.20519523460844 2.24136329928858 0.123598629018574 0.814008184889459 -0.114952576640714 2.07952700247992 2.12320855924128 1.39893712960954 1.30700806602122 1.22314034709547 2.51688534071141 3.26516320861059 1
"63" 2.29429610107543 2.35715316390487 2.27742615190608 0.246231947539799 0.984439693570592 3.1007964907519 2.29614408782865 1.98955994620676 1.50565214650123 2.65675873194979 2.89508278979254 3.68509966396117 1
"64" 2.86752632827262 2.68335503394878 1.70494192393727 3.588542457573 1.76585283196121 1.24403693145847 2.65113888354036 1.80990332426428 1.95314226185298 1.60424369804654 4.20908525158252 2.94532454654947 1
"65" 1.56275822204007 0.741586872281481 1.92530567041259 1.82342350761648 1.93945195093366 2.92762255786397 1.18526452288594 1.66205371000614 2.92419859020283 1.43093658315175 2.86645338682831 2.31760857719226 1
"66" 1.45745332498855 1.29426104609589 2.06301452365276 0.777269487619467 1.06062758102083 2.84987371984885 0.652329288460443 2.76936678434946 1.62284825347818 2.03185395231489 2.10315148414392 2.38514367045767 1
"67" 2.01441505886052 2.07568081822968 1.2789710413718 1.25901042188471 1.20205393533526 2.17049558920308 1.39054750031999 2.60395070213479 0.869547060911302 2.01565131442317 2.18352866345508 3.48975385774658 1
"68" 1.10792493524247 0.74984552061787 2.12869948601513 3.38058635185243 2.11865430687984 3.51489685407441 2.81553414789655 1.23608740422134 2.45718710167325 2.13672272520714 2.01726078543861 3.19112967938822 1
"69" 2.50189107157382 2.00770169046039 1.84528669832638 2.79107351089919 1.61404187790467 2.03305174984219 1.9632994020287 2.61663117312392 2.1950160442469 1.10821154459589 2.75234892854139 2.88931808944364 1
"70" 1.95483517756658 0.615374933145034 1.91028935866107 2.8929798951154 1.74339734754889 1.51974966517189 0.780864607532477 1.60901674268914 1.9759294063606 2.43654382634574 1.16270582681716 2.28544670883124 1
"71" 1.68212489689167 1.33957983611995 1.81992544858089 1.67888407902603 1.14202815885406 2.33804754898885 0.819537968799683 0.875378743818934 2.20723082740414 2.69109192290442 2.43608723051009 3.78517730649712 1
"72" 2.01088142332036 1.1218765658241 1.53738237483901 1.69741953993796 2.06376982195293 2.82757153478821 1.43725104050396 2.26175003466396 2.35807444818937 1.9247430468008 1.91943542384622 3.21342245103161 1
"73" -0.0705962815052332 0.928859435076626 1.01002268053893 2.20026970188167 1.95226446224124 0.854327369707861 2.71733361350308 1.46400455205271 2.0016761861759 1.64450214138438 3.22937800961431 2.53794232339209 1
"74" 2.17575484559132 1.39857267868209 2.76729465779255 2.37045708065382 1.31975407423828 1.79142423143398 1.40120797969935 0.942278686280227 1.56612185673385 1.45795303067505 4.19633329931636 2.28678303036713 1
"75" 2.46078029829595 1.90571879406858 1.66747248346168 1.74700436600652 1.57339101290715 2.7449065791324 2.78883460537488 1.58856545067655 1.02921070930749 2.19234800759696 1.64349075061598 3.26237404509379 1
"76" 2.94638881369336 2.47974971234482 1.56197529058696 2.73940267977477 1.96001943612123 1.60282240381894 2.28845561632872 2.9164585811097 1.21266963560805 2.56958268472293 2.7116140990472 1.80973839150318 1
"77" 1.46469066596782 0.929087799045331 1.8501905416868 0.774277669613374 3.57331652185916 0.777921713284894 1.73777484808811 1.37106347974168 2.14090453686226 1.13457029649364 3.39399153818055 2.5925770259791 1
"78" 1.70583232330031 1.61692499721873 1.09705495338702 1.70442023582892 0.162816185290736 2.00799570809628 2.07530793197524 2.38454997816453 0.87492482980621 0.814505811357518 1.36099415367966 1.95561433256673 1
"79" 3.28787565299359 1.41878844773543 2.79863108802033 2.00629731897206 1.7743561150989 0.696283935276244 0.906461116384223 1.45007245215779 0.816098794322845 0.257704552018833 1.2574655059678 3.10305248760909 1
"80" 0.091313968067294 1.02019918884151 2.11050732267271 2.07665618302449 1.53355077103654 2.12143693169262 1.36417065204367 1.55291211779818 1.95545594069584 0.605387852712831 1.03912489739234 2.1686893205749 1
"81" 0.54646333449066 1.03426707733508 0.202843224599764 1.25873969832172 1.91844810054269 0.230047293788063 0.440717686727342 -0.192802421169662 1.79563423091487 0.672082071207045 1.6172914726922 1.2498669503858 1
"82" 1.26882245793857 1.50310312852204 0.280455061094826 1.31689468893886 0.851546090295769 2.02106815194831 3.09536149319367 3.18363374445066 2.22814375252637 2.19317515173565 2.79870084050133 1.67873658619368 1
"83" 0.990199297779845 2.10731199530518 0.933878278823965 0.951720946482646 0.78437743666412 0.644194883762143 1.24953040249393 1.22259418169854 1.95691034914581 1.27082453162762 0.596999760517842 1.73050629970357 1
"84" 1.31867890135096 2.10467409281653 1.44842840175817 2.27206384630895 1.40852171571403 1.22592239468283 2.00763184530252 2.40807714745625 1.22731462927152 2.36939757609276 1.84349000620101 2.80443591145628 1
"85" 2.39320601154454 2.73932047916839 1.45362360982514 1.58033092433811 2.10079423438595 1.24063888265307 3.36378425373168 2.72026975679786 1.32758702909478 2.38332020292935 2.81975269070118 4.17950850909125 1
"86" 1.37581793500158 2.3975203696668 2.4057882878003 2.97333872264168 2.4730883933323 2.75826988387961 2.31403942240533 2.49284279145722 1.54576173071555 1.6524778247687 2.18055436857361 3.75690752649987 1
"87" 1.51839093009322 1.1363377690245 1.66277014618666 1.29640120084774 0.964028474686374 -0.010002683674127 1.22967532327602 2.08620767764792 0.87289152379589 0.16716729238531 2.14206304018237 2.02181842433157 1
"88" 1.18069798352168 0.721356167539251 2.77393608233491 2.23987023759998 0.758844769481757 1.11395475507878 1.84719081531416 1.19464496469152 0.905950917714218 1.22055185725061 3.66138151928101 3.15271660959018 1
"89" 3.07490141765891 2.26429421660082 2.16058150074857 2.32512330828536 1.96740151295642 1.6484515369334 3.29781834517811 2.4587321655419 0.844201856777647 2.07048335129681 2.07656827027497 1.85184338849277 1
"90" 1.83725297527513 1.47851392778762 2.72425271452984 3.01219770125094 1.86335687912632 2.597971450301 1.71418786165886 3.16684530244518 1.70503593716534 2.2233274057308 2.65254147215821 1.61827254815812 1
"91" 1.67982368040578 2.58697126130941 1.47508555109158 3.05738749868824 1.80646916941058 1.82822038361476 2.36107469773604 3.38541062863948 0.499647033148689 2.42716708995497 3.98871967460978 3.68100624388447 1
"92" 1.29648985685893 1.04833936512208 1.79068919394975 1.8717660810412 2.63040281322638 0.636703739267144 2.0665401694413 1.83346881073521 1.4704090156615 -0.069581607443846 3.07253591600273 2.04391924016343 1
"93" 1.15557314652269 1.49319759695419 1.68297027002167 1.33898926358512 1.91635767944953 2.22469638883609 1.79795904947578 1.30580423383622 1.87817035693205 1.70704776570036 0.459131189259338 2.25361963481011 1
"94" 1.11095696565291 1.61514428591599 2.04698956283581 -0.258399972805587 1.83099113715973 0.454812554200404 0.662599994653005 1.36078802591939 1.01960047019141 0.259480560951832 3.77384077690033 2.07628904249492 1
"95" 1.29713769822186 1.86905753901418 1.43940934972558 0.289141142045031 0.667852990754967 1.23089418499924 1.95251963705708 2.81125177617908 1.51598588635155 1.49057267563181 3.36869996062144 2.37989426622747 1
"96" 1.31584779927983 1.58364297679818 2.40186323860712 2.8653035388255 2.07713870829908 1.52415953214722 2.76720008513036 3.54485087383194 2.12388338207368 2.84319720433664 3.19806304282213 2.91781134878471 1
"97" 1.96827965287848 1.0362504549339 1.37849576059498 2.62596895089874 1.09514910674468 1.16389127134888 1.96888609327972 2.4591592344937 1.21343103722332 1.55619358709527 1.86475669078896 1.04916808185251 1
"98" 1.53242143498927 1.05927751231877 2.26861433725362 2.9005117742113 3.24808028561776 1.23263127347343 1.38380370825781 1.85066116364137 0.760456318159076 0.705563124325881 4.05221654428936 2.36443020894242 1
"99" 2.09976923286716 1.49542520773905 1.60889762500638 2.08121014199426 2.23111210550394 2.04103763334486 0.897674878389524 1.55721515415247 1.12818642325367 2.0971396170304 3.32885883046085 2.90014285357507 1
"100" 1.39955470326576 1.83971170855743 1.1175806294567 1.91890115360283 1.84556141679086 1.8458266026069 1.67705179318099 3.30535712138265 1.30724591401744 1.44106350557246 3.7886816131167 2.96337841939998 1
"101" 1.6209118299348 2.58433361608464 2.9386406717602 1.85171143479299 1.65258792055623 0.701462906093952 2.7184398895528 2.38156928411914 1.03059798069833 1.09982965323285 3.90303795975224 2.80291226034963 1
"102" 0.81691938166782 1.4767773091745 1.63107206647733 2.70046387102101 1.50288653677315 2.45388731877286 2.05051314559861 1.37017262953232 1.70930509704576 1.80464217110742 2.5870082038021 2.00485405258186 1
"103" 2.26789668307884 1.59771474564412 0.927238197618871 1.62240413642076 1.59185603871369 2.24005249976672 2.01391100238062 1.76734711036267 1.89008314557613 2.28841765038107 2.43815030931744 1.97428975573574 1
"104" 1.48385815305895 0.992365839407244 1.88008798026378 1.49493300421671 1.86890016814328 1.9971793375454 2.39752255435185 0.589337604493865 1.40518976501693 2.14170684601396 3.92084637056364 3.64265632101643 1
"105" 2.27042501385439 2.5414563644815 1.42865632078296 2.57322861836673 2.05069528489538 0.106729924572112 2.03767425077422 1.79211523055424 1.535378752491 2.1259606691032 3.33169308481694 1.6021697029751 1
"106" 1.5632466994634 2.03667472525706 2.05191005678196 1.96948431464569 1.71556814105708 1.17034785582232 1.63239022608134 2.35288358068441 1.90849434110369 2.57407376624715 1.4841974034476 3.34342232478742 1
"107" 2.18074067369042 2.60338995187178 1.04909054901339 0.744976556529178 1.84130828441545 2.17792882445556 2.10977064088202 1.54197387062663 2.08282287355714 1.69497790370756 2.77656065997619 2.46085623453617 1
"108" 1.03134559522108 1.59113900101861 1.33546455309374 0.577916192752832 0.969944298747206 0.610090491730143 1.4978378874044 0.428600989493715 1.03483741568534 1.09131541652179 3.51814422014831 3.34601835460185 1
"109" 2.05614045580332 1.94210294260931 1.32449937197137 2.2585772818545 2.13228041060443 2.41338014363741 2.26980540073773 2.4810936790053 1.40825757686103 1.72949554158876 2.58911198803404 1.98978291182227 1
"110" 1.64850560581597 1.91451639674017 1.49530739806908 2.18031140645737 1.30111928036367 2.49994025460173 0.828894589578056 2.28119679426679 1.29552671346315 2.06422515573104 2.54297697791935 4.28732292587582 1
"111" 1.14991018782497 1.31324209415771 2.7854943156509 2.15407904098661 1.30359996926618 1.6117146287146 2.4834166254276 1.83325377019222 1.73645052244814 2.84832334436445 2.51333549808531 3.09447040403971 1
"112" 1.49965984678701 1.98271341710501 2.01198841275881 2.7642007201025 2.36897632726332 2.35166082712393 2.2397836782396 2.35529438806893 2.3518128155449 1.27208434434885 1.92350929679756 3.3529967189878 1
"113" 1.0475753476994 2.0840580304418 2.72681710840638 3.7482475113348 1.57562262847434 1.21761292537404 1.99120130783262 1.76714498611448 1.54761607785588 2.59140930213673 3.15056989445928 4.22849077006797 1
"114" 0.576943812520174 1.16495817392048 0.9200464144498 2.55444527995031 2.26177873355569 0.363996286434674 2.12007969734515 1.17095977244774 2.93493541057969 1.07215397172057 1.65176070740184 1.7305756115868 1
"115" 1.38034403002111 1.86268600878994 1.57684998961571 3.10351606436577 1.78544862356722 1.32274045403295 1.74625395672756 1.5615191027781 0.98977390661646 2.11402041336952 3.61641331992487 2.29229729160561 1
"116" 1.4311962834376 1.37596494307657 2.15855758210028 2.57641108065539 0.261897423576283 0.162930299579711 2.72783136277942 2.32590449460442 0.926906863270281 1.83627803882964 2.25996813260453 2.00638434880694 1
"117" 1.69244776510652 0.820804591809806 0.729116182810892 2.10756199404896 1.49368136284718 2.19701977696488 1.44647886413866 0.0770429624067995 2.85042577875812 2.7357468854017 3.02554533754907 2.27352092901732 1
"118" 1.46195118175888 1.01415785095442 1.44211280881153 0.659970097412476 1.94939112441347 2.11337060136855 1.96203310462559 1.50860297122036 1.77450841030964 2.06644377829255 2.46514178858759 1.64625861887218 1
"119" 2.12289808227134 1.15642046341907 2.71516192249343 1.39530478135164 2.25762749275185 0.984251410619811 1.96362357556165 2.75861092151318 2.17740535739552 1.6386314260763 3.48532789702057 3.06402117441898 1
"120" 0.614977046476243 2.37670825276235 2.79079223963304 1.87002844130049 0.816081957677122 0.656382049531426 1.35570520524676 0.376690855828255 1.00258553356785 0.907325005475897 2.1415558073 3.22636648255584 1
"121" 2.28104891221702 1.94830663721228 0.0759200917807705 1.18651475694461 1.17395376337399 2.43807927755346 1.22251687705999 1.5196087556506 1.45105744856114 2.00022388790537 2.03151822734393 0.888660234108148 2
"122" 0.54884172802323 0.682598241243871 1.81800228388826 0.522772809207455 0.886111646383584 0.316253189299784 2.19030999937738 1.28464952556579 2.03546232774458 2.15085338303961 2.36681942497389 1.827304563275 2
"123" 1.97020074615995 1.50467578559756 0.648175203998228 1.37953649524094 1.37858305106763 0.864639400307365 1.1794929595675 1.09900800228423 1.31583441545379 1.80798620122022 2.93604041573122 2.76455299950494 2
"124" 0.975967568684194 0.868067888288793 1.74156655307153 0.735586385100637 0.803537114938087 0.814723661300406 1.62755939054909 0.600449206129189 0.627026059032529 0.640966872023261 0.891638277657631 2.41935559748938 2
"125" 1.50693470674761 1.18996831792954 0.540680260053118 1.13180733155561 2.60409001471475 1.93578402002249 1.69496135356936 1.90509950116635 2.94916753963568 2.98127124440415 3.00872103584932 2.38589893164046 2
"126" 1.3296590235205 1.58454851015226 0.330722840922026 0.755081231054737 1.01512921484919 3.35809786937822 1.39362623600157 1.12926451230335 1.53746315029345 1.12103859849608 2.20465666885674 1.66319904751351 2
"127" 0.516280924825779 1.27362967235007 2.19406744428662 1.34204951235443 1.74159176651741 1.78211883801639 1.70278902626606 1.37505757267905 2.20392319316065 1.82445771910619 1.64642664109066 2.10770118608627 2
"128" 2.43005321918353 3.350533348711 2.61791127330652 1.86793680092931 1.44122585242999 1.19626396419702 2.09813183213327 1.50652461547232 1.91188175981815 0.294906496206786 1.36989114571688 2.12456728549759 2
"129" 2.05508177388363 1.71751463403532 1.39394285652846 0.784472578635099 1.66326536342945 2.17632337073678 1.03053380622502 0.535775119780945 1.58456009591629 1.67096886757132 1.91883768911385 1.51583826047138 2
"130" 2.03669255317991 0.94281555476483 0.63711919209769 0.647531780240497 1.29895511271901 1.33826087607866 0.927024601799005 1.7064007349424 0.875674913931837 0.355321757798506 1.85169919798251 0.953605983321161 2
"131" 1.58989501241759 1.726751432583 1.16316308810614 1.82792728889958 1.05370139220749 0.910079999193957 1.34851722842607 1.65106157800352 1.90037679703089 0.304206660250428 3.27651487127237 1.09636933895846 2
"132" 0.449369456192744 0.962510564692113 1.0493516561183 0.698960082158294 3.39499344319192 2.75421537734448 1.02368721419201 0.809816375380374 0.897090723676859 1.84034298721199 2.30348670772974 3.12846757731899 2
"133" 2.7548318972185 1.8601054969083 1.96237178242027 2.21791955040186 2.18509671965395 1.85233049785089 1.1979317931498 1.47439134116548 1.46404759300572 2.2333179492579 1.76006008657581 1.21622906644834 2
"134" 1.09800048578761 1.61551942220566 1.07118086289134 2.18874888756308 1.74926440399014 2.88356001077929 1.61909933401746 1.70675308021106 2.41801765165589 1.92451496184724 2.15006453116531 2.74528951389704 2
"135" 1.41529956556681 1.83691365771496 0.786374878362016 0.804511320249441 1.50563002944004 2.13694650686018 1.12182656337618 1.02233912700483 1.68678485339752 1.23148649511017 2.33703516315553 3.17890257474564 2
"136" 1.29055641303592 2.14553954788502 1.79082055635784 1.7340114492416 2.06004376352886 1.745772206228 1.23107924808892 1.50079122087502 2.3866976841474 2.60548769715504 2.54090614418485 3.71664986795824 2
"137" 0.498935267636872 1.28574160753552 0.642638366463155 1.13290479431198 1.05514994310365 0.156855413698072 1.35808186024517 1.37987972312761 1.09720640966193 1.15261947066206 1.08404139682489 1.58371179360265 2
"138" 1.76385693570052 1.45959006118514 1.54846998839243 1.99868346236838 0.690972483709891 2.26138374264157 1.83761863372681 1.64970953506402 1.88765820905481 1.44747870066658 1.98969751267576 2.17484403864467 2
"139" 1.86761602499061 2.2808988243712 1.52916146548668 2.10218178343191 1.44551288740037 1.3726290718032 1.95946932312386 1.94942664993524 2.09157924900386 1.95876337285052 2.14139840384602 1.68512716511588 2
"140" 1.13460973953971 2.19834725404536 1.17540836220522 1.54203069655303 1.55702750465516 2.04644404385015 0.799361508598418 1.01982684402502 1.60558796638571 1.94811364881733 2.16564244983248 1.92675323401934 2
"141" 1.0224722704662 0.981849928529877 1.14235873051475 2.10691826067414 1.88361506313886 0.297393242850569 1.39984969899131 1.70493834005693 1.29958064147714 1.63550467773734 4.36104459555881 4.31856868506701 2
"142" 1.54192332416818 1.75885083619466 0.683780997697504 1.32680260124008 1.06362183711451 1.55856291447809 0.422221391769117 0.442239606586507 1.64598055647765 1.1312753442776 2.63995823084038 2.24109594018273 2
"143" 1.0633710515544 2.63536416863916 2.10652603078155 1.64034611059224 1.95734719157858 1.41648809692908 1.39502937484846 1.3491672657205 1.37989926253796 1.36111217259656 1.1699150170508 3.39516578346804 2
"144" 0.91528954105439 1.00632500298429 1.57040423627162 2.34937014217676 1.10575931906247 1.91301484960705 1.49204124932538 1.42053700433066 2.27037768052032 0.551194889443504 2.27145197227023 1.37059493933799 2
"145" 0.593912688698318 0.913663233573365 1.84221266508895 0.798868525564466 1.63940143541023 1.71717896590927 0.735823772640255 0.909957646745649 0.634446058449238 1.18612461095419 1.37807279542298 1.91773753886681 2
"146" 1.76010243213315 2.12445098647897 1.37549580084917 2.21279917621136 0.81728949062358 0.953907433097779 2.17501145874555 2.49986245175412 1.59608284619816 1.77043651335159 2.17867093296221 2.54010644080817 2
"147" 0.763760544243395 1.02938451238699 1.40647218066789 2.11665977843374 2.1752366276576 2.8133382113618 0.676715654412852 1.28624402819188 1.98544746991056 2.59536031208458 3.89761348038942 4.30018196808446 2
"148" 0.9361051832326 1.27164623981393 2.25821149469993 2.34556185138227 1.4770149431246 1.97313363870591 1.66948751202128 1.54834832526892 0.453360946174259 0.402205561219897 1.69214517133547 2.15442616483486 2
"149" 1.73165591936969 0.707110947499277 1.90984682039189 1.97783499035628 0.104311948341125 1.34840025019298 1.13574389930783 1.84275700013557 1.1873553206862 0.449096376849239 3.0973181901953 3.13656417609383 2
"150" 0.975574728491453 2.29645252892689 1.73186397146683 1.51301814562993 1.11860745555638 2.24826476339771 1.79884784533592 1.93027723909973 1.72730311280424 2.27514665314315 2.69818461989806 1.96888538701857 2
"151" 0.200666624122242 0.713839725423809 1.41304871364604 1.67518742780267 1.36715679258085 1.25819773691507 1.36897508520674 1.38926802738006 1.7795199125774 2.28977266719161 2.55341050546858 1.96033417475219 2
"152" 1.49882214575545 1.93254391898099 1.86740531039195 1.58696856523001 2.31671424485317 2.73359850781517 2.54653678084515 1.93279912299387 2.36380918904724 2.75886557689043 2.83722310251592 4.08309722922367 2
"153" 1.06540246796272 0.981767687854534 1.51115437902235 0.351962985411999 1.14190735476953 1.56825537624253 0.827230013035389 0.880420188535422 1.34120460452495 1.55349907585689 1.15404266284464 3.14490880674068 2
"154" 0.568780828012135 0.947968296781977 1.00264915501746 1.04586876636188 1.36092219173589 2.41960909217016 1.28652461468805 1.36630153696546 1.51276828554661 1.97138056029193 2.10520362710469 3.03182051595948 2
"155" 2.24404553460139 2.22016899856269 1.56358928665906 2.74990695525735 2.03961058417523 2.31972207175228 1.15367714408339 1.00658698627745 2.22268162159157 2.07440443580207 2.53137620706464 3.04156747442117 2
"156" 1.86443919179333 1.21173489443828 1.28774322248917 1.4749457526115 1.10975034053167 1.54636450767407 1.23225944272403 1.6268265251891 1.42724828019169 1.66111917205078 3.26508062288425 4.62152107346282 2
"157" 0.635649476370441 2.43858208912537 0.982654560121996 0.682056921713074 1.16955926087758 1.77528432181366 0.75147512973652 0.582977045188053 1.81539360792538 1.34560544564309 2.57460654279195 2.86571409450413 2
"158" 0.738618192327255 1.26614416684365 1.25744458474315 1.70899936106881 2.89031298291908 1.69911276804533 2.33791700421413 1.71986204252011 1.62481212976666 1.9176698326309 2.12367320790859 2.72505562346136 2
"159" 1.66263921654921 1.30985385904382 1.57571922837402 1.86065293485211 1.35594790232884 2.38620659714141 1.26961332487801 0.961863464143711 1.73900143523098 1.57303361548008 1.70191074206989 3.06887692173965 2
"160" 1.7244074389291 0.744100407199783 1.42349904660608 1.48965338636329 1.23965621171561 0.933255158150072 0.748249863097824 1.08100515091015 1.55879044226214 0.738477991302124 3.02893933543988 4.00677963840102 2
"161" 2.20231309310627 1.64796861866188 1.25735932979129 0.968107519631967 2.77582003315535 2.57670440356765 1.77212748772692 1.98429891470979 1.72329148516816 2.44738638302447 2.81172466889785 2.20444775323326 2
"162" 1.74930204358098 2.25514864872916 0.49744854958854 1.53446674239974 2.80786671884097 2.22823607590444 0.679331441128664 1.01542637342771 1.19471643716946 2.04252963449566 2.21515989133635 3.256950401997 2
"163" 0.658596577810846 1.60937358986548 1.76320396740595 2.09254655893293 1.36416047686577 2.18447774506433 1.48587159127227 1.10602822388621 0.939522093598581 0.594094350868257 1.99046310668528 2.74822262594994 2
"164" 1.23369844090657 2.0049185084354 1.83471372341577 1.14032460796603 1.25850698946419 1.79428467119207 1.17900745622726 1.15488235598563 2.37108444280946 1.36414161649757 2.20896943560354 2.06841518912177 2
"165" 1.89405458241778 2.12699019352442 1.13844977346701 1.89405086904797 1.49782409475939 2.671804564799 1.26237816538242 1.5395554355883 1.51792799649446 2.4092896061626 1.77554429880284 3.51943979348624 2
"166" 1.68110932091893 1.61026438084759 1.23238000928316 1.49253060304213 2.8325723146423 2.41753389772841 1.85093939834266 2.09021975126378 0.829770886601321 1.87454653497697 2.71614879519112 1.88863743845273 2
"167" 1.05440066668668 1.69072143201561 1.02585548653302 0.918757574997407 1.23675243025835 0.862841630279731 1.38404029803806 1.0392701293946 3.2458048966474 2.62847219465478 2.69242609881601 3.04129800818989 2
"168" 1.59539953927344 0.823224600345213 1.0977680991578 1.62598384259725 3.30284141119551 2.74519614131303 1.14105949625495 1.54900245181544 2.45591074703173 2.60084718892223 1.39449610262679 2.07254106910032 2
"169" 1.89097343629024 2.51355732175015 0.987745313857902 1.17436505530164 0.154986749321948 1.43508039925657 0.987510032955979 1.61296257743092 0.942087378497546 1.0505304137781 2.05734492888535 1.4544076197422 2
"170" 0.773637730974974 0.832300865547569 2.80708864580598 2.06141143843524 1.60471000661403 2.33121067302292 1.04610884022973 0.974601537559977 1.79107877281456 1.90821289714483 2.0365490854244 2.02410691998541 2
"171" 0.400903598270911 0.606783086228513 1.08970994367292 1.33266621609036 0.797790718490694 0.969653789007392 1.76817359608673 1.08637088767797 0.334480976504224 1.96299842359142 1.40231511084923 3.43055506741148 2
"172" 1.42802047077391 1.42347288000085 2.38165494990713 2.4565156630111 2.65506411941976 1.84903859750488 1.36181180881194 1.39358206154537 0.795082405050658 2.55409556053627 2.90048941012075 2.85109606473846 2
"173" 2.38811917371231 2.95182893638987 1.48787581424372 1.4059526017608 2.0959947583126 2.08127461459355 1.34313221473885 1.6929713331846 0.789687670745509 1.82295998829667 2.39152883148224 2.16979385430521 2
"174" 0.918245413062635 1.26253107496214 0.54025488424673 0.43406499609032 1.15221121470766 1.34254364397118 1.19132413971455 0.812022847336292 2.48107724865883 1.72396711042772 3.24715743773919 3.74297950481724 2
"175" 1.08115818461863 1.13567916482069 0.734155997704431 0.191753498403879 0.727326185799521 1.23398891577475 1.46080986643076 0.747257580617687 2.03675839788799 1.49358047706337 1.14441786538754 2.45983052345527 2
"176" 0.994738217225478 1.5756606146016 1.30828406070359 0.373358141992062 1.55314761718662 2.4242518432459 1.48193783682699 1.51106996890933 1.15415493266019 1.01515198910924 1.12542143032089 1.28517308041723 2
"177" 1.20218036304174 1.68708743672331 0.90864501378009 2.07367743827551 2.66109232074092 1.0459278196251 1.3805817457121 0.860439621268106 0.724829040539554 0.730527689072272 2.33071656199806 3.02136718954343 2
"178" 0.862525723023839 1.01821795071922 0.670142203844394 1.7501003039682 1.13740351097347 0.167336525214978 1.59331742761574 2.05291610466087 1.27999198759299 1.34985898978979 2.60317597219785 1.05558605573856 2
"179" 1.5598403267554 1.68236942114545 0.794253005503326 1.58978949738653 -0.0705915557771073 2.83746869018541 1.64807192161587 1.75192281303551 2.03648418811704 2.02317910818212 1.64721396351905 2.44666384449452 2
"180" 2.39185881651396 1.67977542902022 0.714002723545029 1.6746562962713 1.54633992909397 1.90968502710572 1.67124760381979 1.54793288165274 1.74433814690435 2.09226769111042 3.14889064579868 3.8359440968426 2
"181" 1.46482049874832 2.08453670660086 1.57704309700731 2.24328831742683 1.88863541027458 1.94621118398829 0.994302053162733 1.57024137894262 0.513959811570697 1.5099399052928 1.89762027498698 1.4733594852818 2
"182" 2.50945260948036 2.4564730554228 1.21842771979524 2.01994995549519 0.904579592729756 1.07595940077453 2.0557578150138 1.84148554676264 1.62856844935461 1.91459050577684 0.43626886911712 1.46850934514275 2
"183" 2.29989266705357 2.71327675498807 1.16108762240614 1.66051522630975 0.699998255970707 0.755223427386897 1.33260078358931 1.33126511060485 1.23445887476262 1.97651778053386 1.81377996718607 1.93447062696731 2
"184" 1.46681412107892 1.1707436853834 0.536454314135059 0.622758478951022 0.415099127749566 0.386117373078363 1.5850018610145 1.54636435288657 1.53622705997164 1.17449732205157 2.93270843536193 1.72601828174116 2
"185" 1.92311867446907 1.71478816891818 1.29153626290361 2.45118792703127 0.757415031568466 2.2584358289668 1.66304915081924 2.21691309206023 1.06063420757411 2.53023735076954 2.09832288299703 2.56799660955802 2
"186" 2.35816843292308 1.65013489875797 1.23504952283103 1.09624415984967 1.78368359968603 1.55191530348614 1.79465936358137 1.57291175033262 2.21379575487678 3.1551598869482 2.18756162243645 3.15557814020134 2
"187" 1.26235342180329 1.1367936252885 0.848983299622952 2.22869847302869 1.35685006697737 1.65429749487839 1.12717992436108 1.20897086927993 1.35190099285446 1.20403504872925 1.18735679440418 0.685265337015244 2
"188" 1.25325478592506 1.89607613694407 1.23927218937671 0.55387766594978 0.713694667299201 0.705439210703514 1.32124945077909 0.931887395795744 1.96466554588095 1.28389209131966 1.74054451554214 1.24786905152452 2
"189" 1.38631132325943 2.49831434452308 1.02222626164228 2.38290437362879 1.73514026824654 1.53311169044042 1.13016226210399 1.36692259973788 1.77676927709101 1.36488786351448 1.74507293207524 1.21913463862171 2
"190" 2.36485905817804 1.73041982604664 0.382523130828705 0.64500885886614 1.5708614496562 0.812543810378907 1.80165504201666 1.52478210902855 3.02788798490373 2.65795109187802 2.49954109469468 2.32293213300255 2
"191" 1.83520054067178 1.58479541231259 1.05171083659785 1.26197915370651 0.792612925731069 0.077124983320989 1.59416824844905 1.43664355616639 0.959322707734442 1.60545523404792 1.60846070329606 2.06192903871342 2
"192" 0.989460345589557 1.58893806985894 1.00288331691372 1.45484271582405 1.70564229612827 1.14670243411764 1.56447359139016 1.70661744461638 0.985235861876502 1.91121116884223 2.90508604638931 2.35059742782319 2
"193" 1.24744738364697 1.03997528717973 0.638823847274612 0.578580602316401 0.713082383346832 1.21670315425493 0.656519900205847 1.04786240581241 1.4516822554385 1.9624408363215 1.59421702109639 2.44075373773775 2
"194" 1.04129142973982 1.3925854482154 0.49819935173549 2.06713127380362 1.06626216281745 1.86991112088067 1.90166148255599 2.41417943756516 2.32229167170675 1.58722602515917 2.91927103776105 3.53268578931253 2
"195" 1.9521304278647 1.89200255051512 1.98217179086922 2.38365439996691 2.36213613983201 1.51235450338503 1.58661390214299 1.95147918204942 0.923930894273849 1.44225231069978 2.86316686871282 3.16479503254195 2
"196" 2.74396687187801 2.73659311532329 1.7190803395701 3.00195608681599 2.11494785751346 2.30466852499712 1.48738718426165 1.64892350207706 2.51433820433931 1.49606537060974 2.44940841808552 1.39494042748715 2
"197" 0.94941796052029 1.64608253096618 0.501220694407903 0.356753185273112 -0.0159902395373475 1.64426741641594 1.08388742474797 0.609223881237371 1.80992648215741 1.67592985685381 1.85836881863451 2.60222866975096 2
"198" 1.2192487445243 1.38755944772359 0.682824516374013 1.30003513281331 1.22040014262075 1.91966988476254 0.973979530984283 1.70389088412188 0.848149853905293 0.423415347951496 2.65873872505114 0.486562493281888 2
"199" 1.06840995531099 1.01334674854293 0.778432792312352 1.30873945639124 1.43506618046599 1.82465662864046 0.622684470289142 0.528566885640618 1.13443328213219 0.489417649094309 2.05987572916274 1.35728871546715 2
"200" 0.76656853379345 1.13017671468512 0.849183993255549 0.97523556015659 1.17956948590609 2.14902970817751 2.07224039165722 1.40272391449351 1.66667632801071 0.462764542881996 1.75719270417154 3.17925552665884 2
"201" 2.31954565941192 2.45949362188564 0.910920832519481 1.55269735679497 2.16210703754603 1.82048457571695 0.485919752712146 0.29534458496968 2.74147104369478 2.01771822325833 3.1928434150056 2.21841808797411 2
"202" 1.74903958896514 1.836988770271 1.47168486273871 1.7479719174787 1.72469252523743 2.55524767679849 0.820254996726645 1.05450405690289 0.5983401252708 1.49194802356228 2.61852313161786 3.02836801668362 2
"203" 1.43300764085313 1.57543610189356 1.29158274960515 1.35870606038179 1.58886048907286 2.63014202499619 1.19400689462731 1.16555489719185 0.729151340352035 1.48674964763318 3.2565506172361 2.92154711400853 2
"204" 2.50831914192411 1.89187573468655 2.30850087278309 2.37341011254756 1.66174548366242 0.619488049414058 1.43082788750472 1.44315628315868 0.527448692600055 1.40970036517009 2.16151160185543 1.85130327829856 2
"205" 1.71335239643934 1.22847468243921 1.09800783453854 0.978978754298936 1.26251016577858 0.322966621565093 1.53667384581018 1.01171183708542 2.7947588539455 0.990521152380008 2.01428197636249 1.52623634303588 2
"206" 0.628507832682324 1.57724445586961 1.68861178702979 1.89063760411284 0.25407942952283 0.272015625548358 2.28157265455404 1.98679117446527 1.85590145776075 0.860555884962195 1.68547897862526 2.65434227359116 2
"207" 1.88360078443541 2.19121194582875 0.877136598419176 0.611019594492332 1.07109666795849 1.35011976512629 1.83547771647572 1.95168191601718 1.40672428235667 0.932303567652593 2.84170351408827 2.88882130456548 2
"208" 1.82207618509104 1.79343712303783 1.36174716665467 1.50341210269104 2.20729410111873 2.97295128467737 0.960733703587395 0.990254529431491 1.95583090363788 2.48239120517795 2.52470656787627 2.71633714204741 2
"209" 1.88649802355479 2.81719829308857 2.16342181712329 1.93095365935652 1.12743700707164 1.95829922075912 2.48052293146444 1.99450174080771 2.29246575915551 1.89751940614086 1.83303703306914 2.27046198584546 2
"210" 1.47547252101828 2.04140585115318 0.57307076873371 0.820096226885848 1.75452775202124 2.753271031534 1.4366111683441 1.26227896571142 2.76725887290255 1.7809128293547 2.53313526212276 1.27701178272739 2
"211" 1.81128684220318 1.32573146725686 1.40816206921959 0.987717363171512 1.02608170832283 0.921199637508345 0.147728625526999 0.801110438573949 0.745339539008564 1.51236484581335 1.31487070174683 1.81403222379812 2
"212" 1.05969919869064 1.47320536975103 -0.372300284845206 1.34368654779489 0.809456422121382 1.69243802205984 1.05780443284385 1.02552398029589 1.10700767580479 1.43995896075233 0.653273159977702 1.6212661989865 2
"213" 0.186712377230828 1.53698914548491 1.89505020038742 1.50490628732621 0.772919347789986 2.06255697928143 1.38861171967477 0.961700774164776 1.42162925541499 2.86262574187893 1.65942321286431 0.248188894832064 2
"214" 1.56513872767703 1.66272618330717 1.52131757440897 1.89351075312298 0.411511672875592 1.12258669377549 1.4760900255333 1.70445436132555 1.4322620350828 1.62963974036233 1.8009896240207 2.23670531060531 2
"215" 0.125288821535195 0.946614115075034 1.17533718495293 0.66568963806013 1.66690560802565 1.85743511480493 1.31970393383252 1.09103609832172 1.72987717989972 1.97223971290439 1.39792793264334 1.81149596976686 2
"216" 1.6353516418392 0.788161349751182 0.042777863385056 1.36401303426141 1.58457055856385 0.553105851968131 1.58754029276288 1.90762875769963 0.999756948704313 1.88411354145652 2.99645374942919 2.25924483679654 2
"217" 0.669364101510268 1.04559179844032 1.10392196023291 2.5215181934939 1.0733247333274 1.04662684683986 -0.116114361296517 0.188497524042411 1.3168267929538 0.921912265122709 2.81458909790319 1.7257523560721 2
"218" 1.53602706344022 2.06746355909153 1.06034640567725 1.96222963086264 1.70114250252846 1.4861611780394 1.45353766070688 1.68169606463301 2.15986824613836 1.46533869841654 1.18414437003336 2.65558223992993 2
"219" 0.988104869664638 1.63124377099046 1.14029221232786 2.67894164014041 1.52567748524804 2.28824994994829 0.760779849909007 1.49523422699769 0.241055378193089 1.08942178191595 2.16625660724791 1.90903641576102 2
"220" 1.53807056442247 2.46021503452932 0.850466455469709 0.749261995603355 1.80079688912558 1.56336392189712 1.811318460359 1.08183950669558 2.61372796372718 2.7107789779177 1.76822777407493 2.83981106253683 2
"221" 2.4298007899384 2.10549152423228 0.505157906530914 2.25946467360308 0.456450422411119 1.0002337436571 1.29849239437501 1.40796988469096 1.8717700475853 1.73186328735801 2.53409406058429 2.09847566867917 2
"222" 1.34476376809336 0.606276626996443 0.675768249536349 1.3310863494929 0.07366793523503 0.542345431975319 1.65695496022073 1.51275908802607 2.1641385996324 2.13363448910196 1.53731567316227 1.4607629748679 2
"223" 2.1686512970196 1.89230826887781 1.3796851590322 1.95410657605275 1.63033384013816 1.1750804960706 1.63090617349346 1.04971719583324 2.40117676316556 2.16405053573002 2.32992837668038 2.51011398394989 2
"224" 1.77348852132647 2.41682424331813 1.3595354534004 1.80152237561213 1.3722046240481 2.95649896590311 1.5721501400292 1.47999554066813 1.57921198489787 1.34251518216422 2.83838876088059 3.28405142905429 2
"225" 1.07520792350687 1.52594448988906 0.912759513319284 1.26170232912943 -0.037573413245178 0.0872805637167861 0.673666926270675 0.462287373208755 1.74662908230078 1.31966874237167 0.463488517994036 0.847792171990777 2
"226" 1.46893202116861 1.04806373844165 1.23991613425482 1.24197855882571 1.69087125970142 1.49483934187921 1.02466407868227 1.72250060774028 2.09061339703119 2.0894552194006 1.70017673725438 1.34993893554674 2
"227" 1.01010007212939 1.63861149384504 0.853765357228403 1.25502320512533 1.06506822528778 0.53687018483661 1.99369235593143 1.27410180950686 2.04633162037151 1.21670122183609 1.88920098479694 1.38155456980683 2
"228" 0.649234627192188 1.14611741871382 1.25847440566989 1.65640747166669 1.25730302647561 2.95577359720694 0.431342086792282 0.957880230236948 2.06307834095908 2.38693851375877 3.09544026431153 2.46970592239974 2
"229" 1.87783553707848 2.06956477257238 0.97971714856486 2.14394425815418 1.56869150461804 1.06272537332112 1.69691684946108 1.52063244604282 2.01413602958285 1.07048631202102 1.82307996101852 2.33252981735967 2
"230" 1.11630347595645 2.26254048490973 0.994986827880538 1.58502798851436 0.902046766262583 1.68882006268334 1.56602576185872 1.20574953410113 1.63324847255186 0.633110607719986 2.77423574464752 2.2307199707388 2
"231" 0.900970609893835 0.821635954404613 1.09640464919266 0.677203767333647 1.35885500296811 2.67820337157847 0.415716210482749 0.013373641661049 1.02722978010353 1.40803719662984 2.62242165495539 2.27213722247633 2
"232" 1.1363397914246 1.19588215861178 1.17325297749398 1.39884301462302 1.83780568459637 1.30000996913342 1.95410465603415 1.76870897730947 1.26635181622673 1.23514512782106 2.25666308775337 1.06226412140165 2
"233" 1.22993232313892 1.18688118890887 0.867886002789232 1.31052065708675 1.27573861432538 1.46802500730477 1.14737573884241 0.992081834807788 0.641460073402164 0.510630334842044 1.80363031611978 2.50502657021841 2
"234" 1.96860704359562 1.14485880154828 1.41741983771619 0.60203422613021 0.779001236382694 1.70454943293409 0.999828156445303 0.514269139489263 0.958775359914211 -0.00778419888510101 2.39415297547703 2.98035251849049 2
"235" 0.0588212390069705 1.55009581161597 1.55448426221794 1.06012694028578 2.1948564170386 1.56955288283956 2.14963154890052 1.83696909693088 1.69221844125834 1.70991994777096 2.07512706395093 3.67130806702155 2
"236" 0.752814739898779 0.709107849308976 2.00493845009338 1.01543077782989 2.2428986367381 0.206923857977529 1.44036917635328 1.26297664583994 1.78542640756341 1.49845059737929 1.96905104045325 1.95932095822593 2
"237" 2.06556783541934 1.8034889024257 1.4488708750505 1.31936944875966 2.89863795123982 1.23294868945294 1.51940598346993 1.15690830690318 1.26935415766214 1.25095474423286 1.28518590592329 3.37387270342093 2
"238" 0.360289464378077 1.14626448528376 1.24051624241552 0.992888103516935 0.095357266685504 0.984195532464901 1.93498017699283 1.60745663438939 1.16841745505891 1.32191582017259 1.50247092597208 1.95029760285794 2
"239" 1.23628469439641 2.92191005910607 1.6266923788902 1.82491384148591 0.67417764219143 0.648502112453832 1.27534685752197 0.64661059191904 1.35126409860705 1.08058743624556 2.18845140831148 3.04955158310159 2
"240" 2.08969141325999 2.15698230490177 2.17516766334851 1.72030402456832 1.07446742373458 3.75013965194257 1.82159646622555 1.90771264480636 1.7360264875041 1.54526597696432 1.52687461218014 1.45022930398035 2
"241" 1.5799995491946 0.065746542145157 0.990502260865928 0.31658026367211 0.711841030406227 0.890803889212692 1.62264665036732 1.69092902339484 1.276402992266 1.2255893004384 1.00362882817539 1.89254658575318 2
"242" 1.05011218914793 0.305111790607825 0.525353940327899 1.70390331844495 1.38857688329014 0.555558494956891 1.02241467078065 1.32974166296371 1.6247550325802 2.21323640582816 1.10348918565745 0.901401642613459 2
"243" 0.967930192576873 0.655637086456224 1.92741096270129 2.40043177016137 1.85507415018373 1.2764555779425 0.689868782242751 1.20993679358575 0.667562475631132 1.4572465206 1.40902890821917 0.769308681834186 2
"244" 1.47309843843981 1.36511222329459 1.50572926412757 1.91900961295275 1.81459183780713 1.35078583098199 1.87161324130548 2.01278641308541 1.80460458786421 0.764575259032637 3.33002675586709 2.65733867766969 2
"245" 0.548094836294414 1.3423664374367 1.54192411955686 1.71250813107238 1.55489477754689 1.16316147406427 1.00911948060501 1.16539396159745 2.22243326933238 1.9505209072056 1.06711120362678 0.963244699358424 2
"246" 1.2149666457823 1.0581835184353 1.74470086367919 2.09772224284348 1.858279255175 2.41053153907193 2.11464866112357 2.36046573946256 1.9549727944671 2.23157287270531 1.84902053722936 2.01522356213628 2
"247" 2.87611573873739 1.93688383206938 1.57006631308372 2.4930281234832 1.46744594553525 2.28169265588286 1.13078009845109 1.44496176796064 1.30308749582177 1.85903958233657 2.26817948397516 1.23785755140511 2
"248" 1.05706550314215 1.00933669545223 1.47174359258978 2.03614769544549 2.27374088797194 1.0522941195194 1.58844803151207 1.33045864328591 1.33001356941632 0.941563636262823 2.7362397534807 3.27767882123918 2
"249" 1.28861857801651 2.14022977205251 1.08017653786755 1.59045696860616 1.74581506894372 1.79241352111804 2.20669778987392 2.15713184950074 1.34969508731487 2.07275374697192 2.8242584773613 2.09567321695055 2
"250" 0.562891335904379 0.509971555880787 1.35140882362837 0.695142827472861 0.678745380426203 0.981905060436237 0.718732048489899 0.4575059797069 1.88586189138891 0.102719844867918 2.8733054064958 2.95987380173788 2
"251" 2.87773704030842 1.58620045188531 0.978190202459035 1.44430353583631 0.325409305182807 1.05926584173144 1.28848715111697 1.34131564284895 1.41668503728291 2.81204810018797 2.59867875075467 3.1878594434542 2
"252" 2.53217701479547 2.54614220842819 2.02421446968132 2.46395289321491 1.07755048901988 1.82730288896546 2.26846800459108 2.27803426669553 0.812754114684274 1.49711697065981 2.34926214474797 2.70351942276395 2
"253" 1.74383646770752 1.96981068839508 0.346779604322547 1.4185782319952 2.39124745126944 3.18031549477127 0.882711572097214 0.536675583807206 0.986902702253168 1.40225596341293 1.82758986104788 2.60821865354978 2
"254" 2.62756784562403 1.86820090756089 1.46794593469072 1.29475230278766 1.75331837300832 1.92759065111135 1.14385183819829 1.76100013442958 2.07499266558566 2.82836260654741 3.36023330046836 2.13478329687698 2
"255" 1.75340982231421 2.65309339044326 1.29262067653079 0.665558571770465 1.74823519135249 2.69335336471485 1.40150455975787 1.27072870901047 1.44230496351064 2.11468002082573 2.09016697688015 2.12237073574948 2
"256" 1.13279374106095 1.35322783225415 0.750088407460024 0.642785716993588 0.475375405992776 0.737755161632229 1.36337148995218 0.922295359019578 2.00205202695775 1.59186386997716 1.15347628612922 2.44777173717861 2
"257" 1.60265328458173 1.33869186918652 1.16831414162367 1.54924420522322 0.970045976759802 2.62491452997021 1.43857449995227 1.64236766393842 1.68093037100213 2.83635156858919 2.46194111441305 1.60983580093833 2
"258" 0.815613533296573 0.590272649685677 1.19781368140313 0.968964772577802 0.718949116464114 1.30083957175469 1.79411934815452 1.77755564237497 1.89894426012732 1.74792600871463 2.21830317408079 1.80919187864329 2
"259" 1.79242211019621 1.36179794362764 1.80052984015163 2.39844335097705 2.16980643031846 1.60461577801458 0.883019548906139 1.11673753399195 1.55509341428943 0.378386043099321 1.66507701164727 1.08330938706262 2
"260" 0.838532099066386 1.81406973245969 1.21782578136079 1.31046086562837 1.48903969140554 0.0149942539506703 1.72356164812242 1.5340195987554 1.44889966879882 1.65824032318001 0.998928427137837 1.94239093914198 2
"261" 1.051117422261 1.00440536597375 0.849517643806034 1.02262361022613 0.933699603859365 1.73829338691827 0.998648370463317 0.478963454011114 1.29093613142304 1.88173067665282 2.38063066134221 3.54832059382653 2
"262" 0.956008939767639 0.854693416348161 0.470545768296626 0.389859733591819 2.03024322454176 1.90601432181019 1.6888715386745 1.75811174611307 0.610801072853298 1.70393553456366 1.16041249985179 1.83777855468816 2
"263" 1.06214808472356 1.2788313792146 0.769745468057147 0.980407467086275 0.845020978449801 0.562056221396879 1.65192108181249 1.10265327366188 1.31019035409107 0.595506418637667 1.41111446794513 1.75841585053527 2
"264" 0.634790988792564 1.83739945332645 1.38103430817962 2.03486015658254 1.66293838211979 1.20734569963686 2.14751837252771 1.39095644997305 2.32240829706913 2.2598686283812 2.18047700598481 3.29845853428194 2
"265" 1.06778008513728 1.80261403061338 1.37332107242175 1.46501850474958 0.656000548791009 1.90876958057316 1.38550259545188 1.31997322799019 1.12989853658018 1.19196720714208 3.0627892182102 2.8246841409569 2
"266" 1.83156544128668 1.68618313130251 1.40580097653394 1.2589448051764 0.993755279315549 0.778242530511018 1.34907523856453 0.914913383645074 2.23187119652806 1.78903637865562 1.52766959269412 1.48103832600808 2
"267" 0.909144857711962 1.56933755509976 2.59491519732011 2.3944116340872 0.949372486065175 2.35196523238637 1.82300292002291 1.44312629555552 0.831148861063942 1.89216897702366 1.91655949250019 1.80541951249101 2
"268" 1.13860400145654 -0.091369028836214 0.205202028604349 1.54076879555516 1.80036336795851 0.525833676231974 0.457340360619519 0.747633559836169 1.56569223166224 1.16067285512019 2.09339271631615 1.05507541334688 2
"269" 1.11572207317931 1.52841709857424 0.518095105899002 1.51268480609131 2.23286819898506 2.45296960768645 1.54570036219117 1.48372675047897 2.62424701850377 3.71698805739023 2.52631666333717 2.95531249952623 2
"270" 2.10654160948007 0.288139188367 1.18584985845143 0.755627505341561 2.4036295601272 2.62419549020663 1.95911474415519 2.27669057511199 1.67818468362201 1.94633499750343 2.86112669218944 2.82837373408937 2
"271" 1.0660774315699 1.71899460823879 0.907168767690444 1.16148504180918 0.918489464788535 1.50462943981644 2.18758733639134 2.00318168187168 1.73689432464943 1.79269615964171 2.36159645777143 1.5039350099314 2
"272" 2.02113000067548 1.35618325693365 1.9718401808434 1.65234414154452 1.59615849643389 3.00073067860584 1.44083725375449 1.33892672514035 2.41641771888838 2.28285969194874 2.29383938823652 3.80603349332462 2
"273" 2.02761179213736 1.40785086014166 1.26298561490224 1.86367548451416 1.46431069540122 2.49737211821375 2.11332235536898 2.22955331888287 1.94636172894041 2.74997794548497 1.75054992480148 1.67504326594539 2
